1.0041e+05
1.0061e+05
1.0101e+05
1.0251e+05
1.0282e+05
1.0341e+05
1.0352e+05
1.0382e+05
1.0442e+05
1.0562e+05
1.0652e+05
1.0702e+05
1.0822e+05
1.0852e+05
1.0912e+05
1.0983e+05
1.1001e+05
1.1041e+05
1.1061e+05
1.1101e+05
1.1141e+05
1.1172e+05
1.1211e+05
1.1231e+05
1.1322e+05
1.1392e+05
1.1482e+05
1.1502e+05
1.1532e+05
1.1652e+05
1.1732e+05
1.1812e+05
1.1853e+05
1.1913e+05
1.2232e+05
1.2282e+05
1.2352e+05
1.2392e+05
1.2462e+05
1.2483e+05
1.2552e+05
1.2813e+05
1.2863e+05
1.2933e+05
1.2963e+05
1.3001e+05
1.3032e+05
1.3202e+05
1.3362e+05
1.3383e+05
1.3393e+05
1.3402e+05
1.3422e+05
1.3442e+05
1.3483e+05
1.3623e+05
1.3853e+05
1.3923e+05
1.3984e+05
1.4082e+05
1.4112e+05
1.4142e+05
1.4412e+05
1.4423e+05
1.4483e+05
1.4583e+05
1.4653e+05
1.4703e+05
1.4774e+05
1.4813e+05
1.4834e+05
1.4894e+05
1.4924e+05
1.4934e+05
1.5142e+05
1.5153e+05
1.5163e+05
1.5283e+05
1.5302e+05
1.5373e+05
1.5423e+05
1.5443e+05
1.5484e+05
1.5494e+05
1.5564e+05
1.5644e+05
1.5664e+05
1.5794e+05
1.5924e+05
1.6083e+05
1.6173e+05
1.6273e+05
1.6294e+05
1.6384e+05
1.6403e+05
1.6413e+05
1.6464e+05
1.6494e+05
1.6503e+05
1.6564e+05
1.6584e+05
1.6724e+05
1.6824e+05
1.6874e+05
1.6934e+05
1.6995e+05
1.7063e+05
1.7203e+05
1.7233e+05
1.7243e+05
1.7294e+05
1.7374e+05
1.7384e+05
1.7394e+05
1.7444e+05
1.7504e+05
1.7534e+05
1.7554e+05
1.7574e+05
1.7624e+05
1.7674e+05
1.7724e+05
1.7775e+05
1.7824e+05
1.7865e+05
1.7924e+05
1.8013e+05
1.8043e+05
1.8074e+05
1.8113e+05
1.8123e+05
1.8274e+05
1.8284e+05
1.8303e+05
1.8514e+05
1.8534e+05
1.8614e+05
1.8644e+05
1.8755e+05
1.8835e+05
1.8845e+05
1.8935e+05
1.8945e+05
1.9134e+05
1.9144e+05
1.9204e+05
1.9214e+05
1.9464e+05
1.9504e+05
1.9825e+05
1.9835e+05
1.9845e+05
1.9865e+05
1.9886e+05
2.0092e+05
2.0141e+05
2.0392e+05
2.0432e+05
2.0462e+05
2.0622e+05
2.0833e+05
2.0923e+05
2.0994e+05
2.1122e+05
2.1172e+05
2.1192e+05
2.1202e+05
2.1222e+05
2.1232e+05
2.1242e+05
2.1282e+05
2.1402e+05
2.1422e+05
2.1442e+05
2.2072e+05
2.2743e+05
2.2843e+05
2.3193e+05
2.3733e+05
2.4613e+05
2.5093e+05
2.5183e+05
2.5564e+05
2.5754e+05
2.5784e+05
2.6885e+05
2.7564e+05
2.8094e+05
2.8725e+05
2.8956e+05
3.0312e+05
3.0362e+05
3.0813e+05
3.0833e+05
3.0964e+05
3.1062e+05
3.1132e+05
3.1663e+05
3.2083e+05
3.2222e+05
3.3333e+05
3.3684e+05
3.5374e+05
3.6194e+05
3.6604e+05
3.8104e+05
3.8796e+05
