100408
100610
101006
102513
102816
103414
103515
103818
104416
105620
106521
107018
108222
108525
109123
109830
110007
110411
110613
111009
111413
111716
112112
112314
113215
113922
114823
115017
115320
116524
117324
118124
118528
119126
122317
122822
123521
123925
124624
124826
125525
128127
128632
129331
129634
130013
130316
132017
133625
133827
133928
134021
134223
134425
134829
136227
138534
139233
139839
140824
141119
141422
144125
144226
144832
145834
146533
147030
147737
148133
148335
148941
149236
149337
151425
151526
151627
152831
153025
153732
154229
154431
154835
154936
155635
156435
156637
157942
159239
160830
161731
162733
162935
163836
164030
164131
164636
164939
165032
165638
165840
167238
168240
168745
169343
169949
170631
172029
172332
172433
172938
173738
173839
173940
174437
175035
175338
175540
175742
176239
176744
177241
177746
178243
178647
179245
180129
180432
180735
181131
181232
182739
182840
183034
185139
185341
186141
186444
187547
188347
188448
189349
189450
191336
191437
192035
192136
194645
195041
198249
198350
198451
198653
198855
200917
201414
203923
204319
204622
206222
208327
209228
209935
211215
211720
211922
212015
212217
212318
212419
212823
214019
214221
214423
220721
227432
228434
231928
237334
246133
250932
251833
255639
257542
257845
268850
275645
280941
287248
289555
303119
303624
308129
308331
309636
310621
311320
316633
320826
322224
333330
336841
353740
361941
366042
381038
387959
